1
1
1
1
1
1
1
1
1
bruno:1234
1
1
1
11
1
1
1
1
1
1
1
1
bruno:1234
1
1
1
11
1
1
1
1
1
1
1
1
bruno:1234
1
1
1
11
1
1
1
1
1
1
1
1
bruno:1234
1
1
1
11
1
1
1
1
1
1
1
1
bruno:1234
1
1
1
11
1
1
1
1
1
1
1
1
bruno:1234
1
1
1
11
1
1
1
1
1
1
1
1
bruno:1234
1
1
1
11
1
1
1
1
1
1
1
1
bruno:1234
1
1
1
11546456456
1546456
145745865
145365346
17567567
1567567
165765765
17657
165765756756756
bruno:1234
165765756
17567
1756756
11756765
17657
165765
1765:456346
17567
176556
17657:65436
165756
1567657651234
17676557
176565bruno:1234
